1 0.020784713327884674
2 0.02512216567993164
3 0.027421850711107254
4 0.029881035909056664
5 0.032481931149959564
6 0.03518042340874672
7 0.03803215175867081
8 0.0410049632191658
9 0.044175367802381516
10 0.047391876578330994
11 0.05074714496731758
12 0.054260071367025375
13 0.058001890778541565
14 0.06200168654322624
15 0.06612823158502579
16 0.07037865370512009
17 0.07472534477710724
18 0.07934846729040146
19 0.08398374170064926
20 0.08889300376176834
21 0.09366324543952942
22 0.09866616874933243
23 0.10338732600212097
24 0.10827945172786713
25 0.11310650408267975
26 0.11815087497234344
27 0.12344861775636673
28 0.12888900935649872
29 0.13425001502037048
30 0.13987663388252258
31 0.14528849720954895
32 0.15063388645648956
33 0.15608391165733337
34 0.16170065104961395
35 0.16632840037345886
36 0.1709805577993393
37 0.17488551139831543
38 0.17949451506137848
39 0.1831263303756714
40 0.1869165301322937
41 0.19018632173538208
42 0.19366778433322906
43 0.19662757217884064
44 0.1999509632587433
45 0.20256145298480988
46 0.20579029619693756
47 0.20821551978588104
48 0.21119585633277893
49 0.21324609220027924
50 0.21567952632904053
