1 0.021370524540543556
2 0.026028456166386604
3 0.02850792370736599
4 0.03106786496937275
5 0.033800844103097916
6 0.036694347858428955
7 0.039745692163705826
8 0.04291781783103943
9 0.046296458691358566
10 0.0497773140668869
11 0.05330105870962143
12 0.05701685696840286
13 0.06082804501056671
14 0.06469345092773438
15 0.06874199956655502
16 0.07283042371273041
17 0.0771888792514801
18 0.0815003514289856
19 0.08620832860469818
20 0.09072902053594589
21 0.09545942395925522
22 0.10009259730577469
23 0.10502162575721741
24 0.10964176058769226
25 0.11459915339946747
26 0.11942552775144577
27 0.12434109300374985
28 0.12948016822338104
29 0.13450050354003906
30 0.13988938927650452
31 0.14507213234901428
32 0.1505631059408188
33 0.15582476556301117
34 0.16166354715824127
35 0.16564995050430298
36 0.17104725539684296
37 0.17465519905090332
38 0.17972561717033386
39 0.1828305423259735
40 0.18755872547626495
41 0.1905214786529541
42 0.19498978555202484
43 0.1976979523897171
44 0.20189325511455536
45 0.20422890782356262
46 0.2084636092185974
47 0.2103179544210434
48 0.21391186118125916
49 0.21530137956142426
50 0.21890240907669067
