1 0.02171526476740837
2 0.02537761628627777
3 0.027808737009763718
4 0.030383242294192314
5 0.03310539945960045
6 0.03596188873052597
7 0.03892914578318596
8 0.04214712604880333
9 0.04545198380947113
10 0.04907364770770073
11 0.052730023860931396
12 0.05662737786769867
13 0.06055106222629547
14 0.06469133496284485
15 0.06895311921834946
16 0.0735827386379242
17 0.07831938564777374
18 0.0831821858882904
19 0.08791796863079071
20 0.09285219758749008
21 0.09780275821685791
22 0.10292915999889374
23 0.1081497073173523
24 0.11355048418045044
25 0.11893211305141449
26 0.12471186369657516
27 0.13028721511363983
28 0.1361972838640213
29 0.14194227755069733
30 0.14799106121063232
31 0.15359844267368317
32 0.15975329279899597
33 0.16581203043460846
34 0.17178800702095032
35 0.17676906287670135
36 0.1816544532775879
37 0.18565262854099274
38 0.19022515416145325
39 0.19384700059890747
40 0.19798725843429565
41 0.20107430219650269
42 0.20510801672935486
43 0.2077038288116455
44 0.21146270632743835
45 0.21373756229877472
46 0.2172052413225174
47 0.21938666701316833
48 0.2225688099861145
49 0.2247379720211029
50 0.22780412435531616
