1 0.02199305221438408
2 0.02584986947476864
3 0.028381679207086563
4 0.031067676842212677
5 0.033963628113269806
6 0.03704831376671791
7 0.04031894728541374
8 0.04380056634545326
9 0.047294069081544876
10 0.050993625074625015
11 0.05465084686875343
12 0.05875264108181
13 0.0627899095416069
14 0.06712046265602112
15 0.071266770362854
16 0.07581086456775665
17 0.08000317215919495
18 0.08468014001846313
19 0.08905386179685593
20 0.09399473667144775
21 0.0988290011882782
22 0.10382905602455139
23 0.10876031219959259
24 0.11383470892906189
25 0.11889134347438812
26 0.1241503655910492
27 0.12947914004325867
28 0.13500158488750458
29 0.1404055953025818
30 0.14581677317619324
31 0.15101103484630585
32 0.1566058099269867
33 0.1616087257862091
34 0.1669539511203766
35 0.17116950452327728
36 0.1761361062526703
37 0.17983117699623108
38 0.18453793227672577
39 0.18775957822799683
40 0.19228415191173553
41 0.1950661689043045
42 0.19936127960681915
43 0.2022649496793747
44 0.20626725256443024
45 0.20869535207748413
46 0.21261276304721832
47 0.21512562036514282
48 0.21860839426517487
49 0.22073063254356384
50 0.22394169867038727
