20 1 0.17416055500507355 0.05750046670436859
20 2 0.3194047510623932 0.05750046670436859
20 3 0.3610558807849884 0.05750046670436859
20 4 0.3893097937107086 0.05750046670436859
20 5 0.40737178921699524 0.05750046670436859
20 6 0.4153897166252136 0.05750046670436859
20 7 0.42633700370788574 0.05750046670436859
20 8 0.43356868624687195 0.05750046670436859
20 9 0.4370243549346924 0.05750046670436859
20 10 0.4387851655483246 0.05750046670436859
20 11 0.4453386962413788 0.05750046670436859
20 12 0.4450928270816803 0.05750046670436859
20 13 0.44680383801460266 0.05750046670436859
20 14 0.450562059879303 0.05750046670436859
20 15 0.4527166485786438 0.05750046670436859
20 16 0.4575418531894684 0.05750046670436859
20 17 0.4593134820461273 0.05750046670436859
20 18 0.45843055844306946 0.05750046670436859
20 19 0.45721423625946045 0.05750046670436859
20 20 0.4607716500759125 0.05750046670436859
20 21 0.45993494987487793 0.05750046670436859
20 22 0.4622544050216675 0.05750046670436859
20 23 0.46214598417282104 0.05750046670436859
20 24 0.4636929929256439 0.05750046670436859
20 25 0.46417367458343506 0.05750046670436859
20 26 0.46310970187187195 0.05750046670436859
20 27 0.46379852294921875 0.05750046670436859
20 28 0.46506375074386597 0.05750046670436859
20 29 0.46415144205093384 0.05750046670436859
20 30 0.4663463830947876 0.05750046670436859
20 31 0.46147865056991577 0.05750046670436859
20 32 0.4667496979236603 0.05750046670436859
20 33 0.4652811884880066 0.05750046670436859
20 34 0.4677163362503052 0.05750046670436859
20 35 0.46494928002357483 0.05750046670436859
20 36 0.46794670820236206 0.05750046670436859
20 37 0.46598145365715027 0.05750046670436859
20 38 0.47035565972328186 0.05750046670436859
20 39 0.4649924635887146 0.05750046670436859
20 40 0.46849876642227173 0.05750046670436859
