5 1 0.07812994718551636 0.05750046670436859
5 2 0.1041177287697792 0.05750046670436859
5 3 0.13877539336681366 0.05750046670436859
5 4 0.1802377998828888 0.05750046670436859
5 5 0.2290593534708023 0.05750046670436859
5 6 0.289614200592041 0.05750046670436859
5 7 0.31334608793258667 0.05750046670436859
5 8 0.33379504084587097 0.05750046670436859
5 9 0.34814682602882385 0.05750046670436859
5 10 0.35886669158935547 0.05750046670436859
5 11 0.3682905435562134 0.05750046670436859
5 12 0.3741806745529175 0.05750046670436859
5 13 0.37989678978919983 0.05750046670436859
5 14 0.3853164613246918 0.05750046670436859
5 15 0.3889271914958954 0.05750046670436859
5 16 0.3938445448875427 0.05750046670436859
5 17 0.39881250262260437 0.05750046670436859
5 18 0.40196213126182556 0.05750046670436859
5 19 0.40335696935653687 0.05750046670436859
5 20 0.4078960716724396 0.05750046670436859
5 21 0.41012054681777954 0.05750046670436859
5 22 0.4123585820198059 0.05750046670436859
5 23 0.4133586585521698 0.05750046670436859
5 24 0.4157868027687073 0.05750046670436859
5 25 0.4180116057395935 0.05750046670436859
5 26 0.4187987744808197 0.05750046670436859
5 27 0.4197339713573456 0.05750046670436859
5 28 0.4231186807155609 0.05750046670436859
5 29 0.42342808842658997 0.05750046670436859
5 30 0.42822661995887756 0.05750046670436859
5 31 0.426978200674057 0.05750046670436859
5 32 0.43325915932655334 0.05750046670436859
5 33 0.4308623969554901 0.05750046670436859
5 34 0.43387550115585327 0.05750046670436859
5 35 0.43024784326553345 0.05750046670436859
5 36 0.4349316954612732 0.05750046670436859
5 37 0.43369463086128235 0.05750046670436859
5 38 0.43639612197875977 0.05750046670436859
5 39 0.43658646941185 0.05750046670436859
5 40 0.43759480118751526 0.05750046670436859
