1 0.022595712915062904
2 0.026388099417090416
3 0.028859201818704605
4 0.03149835765361786
5 0.03425281494855881
6 0.037301529198884964
7 0.04048771783709526
8 0.043908458203077316
9 0.047356341034173965
10 0.05084758251905441
11 0.054495763033628464
12 0.058282557874917984
13 0.06222753971815109
14 0.06622909009456635
15 0.07052550464868546
16 0.07467608898878098
17 0.07897616922855377
18 0.08349120616912842
19 0.08811765164136887
20 0.09289257973432541
21 0.09776817262172699
22 0.10258764773607254
23 0.10779570043087006
24 0.11263784021139145
25 0.11781191825866699
26 0.12274587154388428
27 0.127872496843338
28 0.13326533138751984
29 0.13839541375637054
30 0.1436687558889389
31 0.14922134578227997
32 0.15481889247894287
33 0.16051864624023438
34 0.1665324568748474
35 0.17123734951019287
36 0.17655429244041443
37 0.18054330348968506
38 0.18571697175502777
39 0.18935413658618927
40 0.19421720504760742
41 0.19746087491512299
42 0.20189118385314941
43 0.20497013628482819
44 0.20912104845046997
45 0.2117125540971756
46 0.21528787910938263
47 0.21771003305912018
48 0.22115737199783325
49 0.22337202727794647
50 0.22633054852485657
