1 1 0.061733778566122055 0.05750046670436859
1 2 0.06597721576690674 0.05750046670436859
1 3 0.0702928975224495 0.05750046670436859
1 4 0.07486707717180252 0.05750046670436859
1 5 0.07958272099494934 0.05750046670436859
1 6 0.08455398678779602 0.05750046670436859
1 7 0.08968043327331543 0.05750046670436859
1 8 0.09523972123861313 0.05750046670436859
1 9 0.10094654560089111 0.05750046670436859
1 10 0.10709670186042786 0.05750046670436859
1 11 0.11360707134008408 0.05750046670436859
1 12 0.12063924223184586 0.05750046670436859
1 13 0.12768325209617615 0.05750046670436859
1 14 0.13522478938102722 0.05750046670436859
1 15 0.14294573664665222 0.05750046670436859
1 16 0.15119720995426178 0.05750046670436859
1 17 0.15948623418807983 0.05750046670436859
1 18 0.16843706369400024 0.05750046670436859
1 19 0.1774345338344574 0.05750046670436859
1 20 0.18760578334331512 0.05750046670436859
1 21 0.19724473357200623 0.05750046670436859
1 22 0.2071816325187683 0.05750046670436859
1 23 0.2170657366514206 0.05750046670436859
1 24 0.22818772494792938 0.05750046670436859
1 25 0.23934054374694824 0.05750046670436859
1 26 0.25159481167793274 0.05750046670436859
1 27 0.2643147110939026 0.05750046670436859
1 28 0.27813050150871277 0.05750046670436859
1 29 0.29179784655570984 0.05750046670436859
1 30 0.30718690156936646 0.05750046670436859
1 31 0.31135693192481995 0.05750046670436859
1 32 0.31598496437072754 0.05750046670436859
1 33 0.31865057349205017 0.05750046670436859
1 34 0.32179519534111023 0.05750046670436859
1 35 0.32419660687446594 0.05750046670436859
1 36 0.32686054706573486 0.05750046670436859
1 37 0.3289695978164673 0.05750046670436859
1 38 0.33125659823417664 0.05750046670436859
1 39 0.33306774497032166 0.05750046670436859
1 40 0.3350716531276703 0.05750046670436859
