1 0.022591963410377502
2 0.028451690450310707
3 0.031132979318499565
4 0.03397634997963905
5 0.03695808723568916
6 0.04010825231671333
7 0.0433652326464653
8 0.046698473393917084
9 0.05005989968776703
10 0.053404055535793304
11 0.05696959048509598
12 0.06060061976313591
13 0.06442823261022568
14 0.06842416524887085
15 0.07250247895717621
16 0.07671453058719635
17 0.08101748675107956
18 0.08545860648155212
19 0.09003912657499313
20 0.0946129709482193
21 0.09934090077877045
22 0.10410338640213013
23 0.10929299145936966
24 0.11432531476020813
25 0.11921489238739014
26 0.12399480491876602
27 0.12914487719535828
28 0.13404446840286255
29 0.13927572965621948
30 0.14444537460803986
