40 1 0.3085339069366455 0.05750046670436859
40 2 0.3800334632396698 0.05750046670436859
40 3 0.4061306118965149 0.05750046670436859
40 4 0.42329123616218567 0.05750046670436859
40 5 0.43088045716285706 0.05750046670436859
40 6 0.4432125985622406 0.05750046670436859
40 7 0.4469754695892334 0.05750046670436859
40 8 0.4501127302646637 0.05750046670436859
40 9 0.45568573474884033 0.05750046670436859
40 10 0.45909664034843445 0.05750046670436859
40 11 0.4596010148525238 0.05750046670436859
40 12 0.4620169997215271 0.05750046670436859
40 13 0.4625648856163025 0.05750046670436859
40 14 0.4656059145927429 0.05750046670436859
40 15 0.4673273265361786 0.05750046670436859
40 16 0.46819740533828735 0.05750046670436859
40 17 0.4657190442085266 0.05750046670436859
40 18 0.4684532880783081 0.05750046670436859
40 19 0.4670562744140625 0.05750046670436859
40 20 0.4693761467933655 0.05750046670436859
40 21 0.4660244882106781 0.05750046670436859
40 22 0.4693470895290375 0.05750046670436859
40 23 0.46788203716278076 0.05750046670436859
40 24 0.47051677107810974 0.05750046670436859
40 25 0.4705921709537506 0.05750046670436859
40 26 0.47002407908439636 0.05750046670436859
40 27 0.4689207077026367 0.05750046670436859
40 28 0.4703870713710785 0.05750046670436859
40 29 0.47022897005081177 0.05750046670436859
40 30 0.47089681029319763 0.05750046670436859
40 31 0.4659305214881897 0.05750046670436859
40 32 0.47081464529037476 0.05750046670436859
40 33 0.46808069944381714 0.05750046670436859
40 34 0.46900391578674316 0.05750046670436859
40 35 0.4682401418685913 0.05750046670436859
40 36 0.4700254201889038 0.05750046670436859
40 37 0.4670342206954956 0.05750046670436859
40 38 0.47099506855010986 0.05750046670436859
40 39 0.4661203622817993 0.05750046670436859
40 40 0.4710460603237152 0.05750046670436859
