1 0.02315595932304859
2 0.02835654653608799
3 0.030836407095193863
4 0.03343468904495239
5 0.03617212548851967
6 0.039001401513814926
7 0.042064908891916275
8 0.045263390988111496
9 0.04854476451873779
10 0.051984772086143494
11 0.05553104355931282
12 0.05929688364267349
13 0.06329205632209778
14 0.0673498883843422
15 0.07148707658052444
16 0.07596947252750397
17 0.08049674332141876
18 0.08520862460136414
19 0.09006522595882416
20 0.09510248154401779
21 0.09990967810153961
22 0.1049206331372261
23 0.10995668917894363
24 0.11539914458990097
25 0.12085670232772827
26 0.12630896270275116
27 0.13196250796318054
28 0.1376945525407791
29 0.143804669380188
30 0.1496153473854065
31 0.15578432381153107
32 0.16177310049533844
33 0.16819076240062714
34 0.1741643100976944
35 0.17953148484230042
36 0.18495060503482819
37 0.189752995967865
38 0.19474487006664276
39 0.19926854968070984
40 0.20436108112335205
41 0.20871981978416443
42 0.21370147168636322
43 0.2177698314189911
44 0.2221650928258896
45 0.2249864637851715
46 0.22855286300182343
47 0.23071132600307465
48 0.23399284482002258
49 0.23573632538318634
50 0.23903410136699677
