1 0.021148910745978355
2 0.026303797960281372
3 0.029004577547311783
4 0.031803011894226074
5 0.034729354083538055
6 0.03777310624718666
7 0.041017718613147736
8 0.044354189187288284
9 0.04804564639925957
10 0.051878709346055984
11 0.05584235116839409
12 0.060013871639966965
13 0.06432856619358063
14 0.06885736435651779
15 0.07360047101974487
16 0.07841362059116364
17 0.08335909992456436
18 0.08828223496675491
19 0.09340476989746094
20 0.0981031134724617
21 0.10327724367380142
22 0.10811532288789749
23 0.1135009303689003
24 0.1185268834233284
25 0.12411752343177795
26 0.12917131185531616
27 0.134797602891922
28 0.1398274451494217
29 0.14556437730789185
30 0.1508360207080841
31 0.15663006901741028
32 0.16198590397834778
33 0.16842947900295258
34 0.1738508641719818
35 0.1794552057981491
36 0.1844804584980011
37 0.1894761174917221
38 0.19416886568069458
39 0.19872599840164185
40 0.20277822017669678
41 0.20694205164909363
42 0.21072742342948914
43 0.2148931473493576
44 0.21818675100803375
45 0.2217867374420166
46 0.22500546276569366
47 0.22798803448677063
48 0.23055440187454224
49 0.2332843542098999
50 0.23572437465190887
