1 0.023127656430006027
2 0.02699398808181286
3 0.02940165065228939
4 0.03190106526017189
5 0.03453508019447327
6 0.03737206757068634
7 0.040394678711891174
8 0.04364088922739029
9 0.04705085977911949
10 0.0504695288836956
11 0.0540790855884552
12 0.057750314474105835
13 0.061564501374959946
14 0.06536954641342163
15 0.06931091845035553
16 0.07326160371303558
17 0.07736034691333771
18 0.08153422176837921
19 0.0859602615237236
20 0.0902913361787796
21 0.09488331526517868
22 0.09940464049577713
23 0.1041802391409874
24 0.108830526471138
25 0.11374996602535248
26 0.11850591003894806
27 0.1236962378025055
28 0.1286098212003708
29 0.13413627445697784
30 0.13935105502605438
31 0.1451880782842636
32 0.15026719868183136
33 0.15594087541103363
34 0.16104942560195923
35 0.1662103831768036
36 0.17087160050868988
37 0.1755504459142685
38 0.1798902004957199
39 0.1842467486858368
40 0.1884353905916214
41 0.19255533814430237
42 0.19647176563739777
43 0.20007815957069397
44 0.2033206820487976
45 0.20693166553974152
46 0.20967823266983032
47 0.2127799391746521
48 0.21541884541511536
49 0.21802331507205963
50 0.2204386293888092
