30 1 0.26434072852134705 0.05750046670436859
30 2 0.35845303535461426 0.05750046670436859
30 3 0.38849541544914246 0.05750046670436859
30 4 0.410301148891449 0.05750046670436859
30 5 0.4231468737125397 0.05750046670436859
30 6 0.4312642216682434 0.05750046670436859
30 7 0.4420635998249054 0.05750046670436859
30 8 0.4459836483001709 0.05750046670436859
30 9 0.4504733681678772 0.05750046670436859
30 10 0.45191359519958496 0.05750046670436859
30 11 0.45270299911499023 0.05750046670436859
30 12 0.4555751383304596 0.05750046670436859
30 13 0.45728954672813416 0.05750046670436859
30 14 0.4578499495983124 0.05750046670436859
30 15 0.45846861600875854 0.05750046670436859
30 16 0.46217986941337585 0.05750046670436859
30 17 0.4618786871433258 0.05750046670436859
30 18 0.46485191583633423 0.05750046670436859
30 19 0.4625157415866852 0.05750046670436859
30 20 0.466265469789505 0.05750046670436859
30 21 0.4645806849002838 0.05750046670436859
30 22 0.46551525592803955 0.05750046670436859
30 23 0.46616286039352417 0.05750046670436859
30 24 0.46639278531074524 0.05750046670436859
30 25 0.465730220079422 0.05750046670436859
30 26 0.46767619252204895 0.05750046670436859
30 27 0.46540382504463196 0.05750046670436859
30 28 0.469238817691803 0.05750046670436859
30 29 0.46695345640182495 0.05750046670436859
30 30 0.46782952547073364 0.05750046670436859
30 31 0.46614396572113037 0.05750046670436859
30 32 0.46875590085983276 0.05750046670436859
30 33 0.4632830023765564 0.05750046670436859
30 34 0.4676001965999603 0.05750046670436859
30 35 0.4654577970504761 0.05750046670436859
30 36 0.4701995253562927 0.05750046670436859
30 37 0.4639787971973419 0.05750046670436859
30 38 0.4694603979587555 0.05750046670436859
30 39 0.46458932757377625 0.05750046670436859
30 40 0.46852755546569824 0.05750046670436859
