1 0.021089160814881325
2 0.025464966893196106
3 0.02778274565935135
4 0.030287008732557297
5 0.03288399055600166
6 0.03577572852373123
7 0.03878169506788254
8 0.041932519525289536
9 0.04509902745485306
10 0.048495031893253326
11 0.05201045051217079
12 0.05570823326706886
13 0.059630248695611954
14 0.06372120976448059
15 0.06788976490497589
16 0.0722760334610939
17 0.07678987830877304
18 0.08151182532310486
19 0.08623446524143219
20 0.09122995287179947
21 0.0963645726442337
22 0.10145632177591324
23 0.10650478303432465
24 0.11163216829299927
25 0.11677079647779465
26 0.12212544679641724
27 0.12729772925376892
28 0.13289198279380798
29 0.13840746879577637
30 0.1444299966096878
31 0.15026406943798065
32 0.1567491739988327
33 0.16282066702842712
34 0.1687103658914566
35 0.17324967682361603
36 0.1786172091960907
37 0.18277305364608765
38 0.1877208799123764
39 0.19120313227176666
40 0.19591890275478363
41 0.19898223876953125
42 0.20341984927654266
43 0.20602479577064514
44 0.21009361743927002
45 0.21212506294250488
46 0.21580363810062408
47 0.2175438106060028
48 0.2206450253725052
49 0.22246958315372467
50 0.22557877004146576
