10 1 0.10351469367742538 0.05750046670436859
10 2 0.1763538122177124 0.05750046670436859
10 3 0.274331271648407 0.05750046670436859
10 4 0.32091400027275085 0.05750046670436859
10 5 0.3468742072582245 0.05750046670436859
10 6 0.3681238889694214 0.05750046670436859
10 7 0.38073858618736267 0.05750046670436859
10 8 0.3889513909816742 0.05750046670436859
10 9 0.39823073148727417 0.05750046670436859
10 10 0.40522289276123047 0.05750046670436859
10 11 0.41218993067741394 0.05750046670436859
10 12 0.4151272773742676 0.05750046670436859
10 13 0.4223560690879822 0.05750046670436859
10 14 0.42349183559417725 0.05750046670436859
10 15 0.4244109094142914 0.05750046670436859
10 16 0.43363696336746216 0.05750046670436859
10 17 0.433737188577652 0.05750046670436859
10 18 0.4352843761444092 0.05750046670436859
10 19 0.4354133903980255 0.05750046670436859
10 20 0.4387442469596863 0.05750046670436859
10 21 0.4406353235244751 0.05750046670436859
10 22 0.44241535663604736 0.05750046670436859
10 23 0.4441109299659729 0.05750046670436859
10 24 0.44566836953163147 0.05750046670436859
10 25 0.4441896975040436 0.05750046670436859
10 26 0.4460880160331726 0.05750046670436859
10 27 0.44667285680770874 0.05750046670436859
10 28 0.44531041383743286 0.05750046670436859
10 29 0.44647297263145447 0.05750046670436859
10 30 0.448030024766922 0.05750046670436859
10 31 0.4517107605934143 0.05750046670436859
10 32 0.45447254180908203 0.05750046670436859
10 33 0.4526282250881195 0.05750046670436859
10 34 0.4575192332267761 0.05750046670436859
10 35 0.45521655678749084 0.05750046670436859
10 36 0.4560372233390808 0.05750046670436859
10 37 0.4547061026096344 0.05750046670436859
10 38 0.456001341342926 0.05750046670436859
10 39 0.4541521370410919 0.05750046670436859
10 40 0.45778796076774597 0.05750046670436859
