0 0.1064 0.0
3000 0.9799 0.0008
6000 0.9861 0.0
9000 0.9907 0.0013
12000 0.9915 0.0064
15000 0.9914 0.0055
18000 0.9924 0.01
21000 0.9925 0.0113
24000 0.9927 0.0062
27000 0.9935 0.0058
30000 0.9934 0.0093
33000 0.9932 0.0159
36000 0.9931 0.0144
39000 0.9938 0.0075
42000 0.9941 0.0109
45000 0.9932 0.0251
48000 0.9935 0.0178
51000 0.994 0.0159
54000 0.9938 0.0203
57000 0.994 0.018
60000 0.994 0.0248
63000 0.9943 0.0294
66000 0.9944 0.0316
69000 0.9936 0.031
72000 0.9933 0.0368
75000 0.9945 0.0242
78000 0.9943 0.0299
81000 0.994 0.0472
84000 0.9947 0.0479
87000 0.9943 0.0356
90000 0.994 0.0451
93000 0.9934 0.0462
96000 0.9943 0.0483
99000 0.9936 0.0558
