0 0.1064 0.0
3000 0.955 0.0003
3300 0.9555 0.0019
3600 0.9629 0.0133
3900 0.9568 0.011
4200 0.9641 0.011
4500 0.9592 0.0155
4800 0.9682 0.0186
5100 0.9665 0.0253
5400 0.9672 0.0133
5700 0.9654 0.0185
6000 0.9656 0.0206
6300 0.9738 0.0146
6600 0.9716 0.0302
6900 0.9671 0.0219
7200 0.9665 0.0272
7500 0.9617 0.0204
7800 0.9705 0.0179
8100 0.969 0.0151
8400 0.9633 0.0172
8700 0.9622 0.0114
9000 0.9658 0.0172
12000 0.6506 0.0022
15000 0.4457 0.0
18000 0.4394 0.0
21000 0.4769 0.0
24000 0.5065 0.0
27000 0.5426 0.0
30000 0.5878 0.0
33000 0.5703 0.0
36000 0.5273 0.0
39000 0.4931 0.0001
42000 0.4672 0.0001
45000 0.4675 0.0
48000 0.4486 0.0001
51000 0.4386 0.0
54000 0.4226 0.0
57000 0.4278 0.0
60000 0.4529 0.0
63000 0.448 0.0001
66000 0.4177 0.0
69000 0.4636 0.0
72000 0.4747 0.0
75000 0.5033 0.0002
78000 0.5479 0.0
81000 0.5733 0.0
84000 0.6054 0.0
87000 0.6462 0.0001
90000 0.6751 0.0
93000 0.7458 0.0
96000 0.7693 0.0
99000 0.8003 0.0003