0 0.1064 0.0
3000 0.8542 0.243
6000 0.9109 0.3743
9000 0.9443 0.4033
12000 0.9453 0.4434
15000 0.9578 0.4803
18000 0.9591 0.5193
21000 0.9583 0.6007
24000 0.9562 0.7263
27000 0.9661 0.8055
30000 0.9696 0.8265
33000 0.9715 0.8276
36000 0.9727 0.8502
39000 0.9738 0.8454
42000 0.9726 0.8588
45000 0.9757 0.8429
48000 0.9764 0.8882
51000 0.9787 0.8759
51300 0.9789 0.8841
51600 0.979 0.8728
51900 0.9775 0.8723
52200 0.9795 0.8741
52500 0.9784 0.8692
52800 0.9778 0.8773
53100 0.9769 0.8705
53400 0.9785 0.8701
53700 0.9786 0.8783
54000 0.9789 0.8752
54300 0.979 0.8944
54600 0.9789 0.8929
54900 0.9772 0.8613
55200 0.9778 0.8705
55500 0.9783 0.8692
55800 0.9784 0.8935
56100 0.9799 0.8748
56400 0.98 0.9034
56700 0.9797 0.8871
57000 0.9779 0.8834
57300 0.9793 0.8847
57600 0.9792 0.877
57900 0.9794 0.8795
58200 0.9801 0.8756
58500 0.9788 0.8852
58800 0.9797 0.8704
59100 0.9794 0.8938
59400 0.98 0.8817
59700 0.9789 0.8797
60000 0.978 0.8933
60300 0.9796 0.8894
60600 0.9805 0.8885
60900 0.9803 0.8823
61200 0.9782 0.8721
61500 0.9784 0.8848
61800 0.979 0.8693
62100 0.9792 0.8773
62400 0.9807 0.8775
62700 0.9799 0.8714
63000 0.98 0.884
66000 0.9806 0.8726
69000 0.9798 0.8855
72000 0.9805 0.8883
75000 0.9814 0.8962
78000 0.9815 0.8955
81000 0.9812 0.9006
84000 0.9819 0.8908
87000 0.9818 0.8974
90000 0.983 0.9054
93000 0.9816 0.8972
96000 0.983 0.8954
99000 0.9837 0.893
