0 0.1064 0.0
3000 0.9661 0.0152
6000 0.9772 0.0324
9000 0.9816 0.0625
12000 0.9843 0.0706
15000 0.9887 0.0533
18000 0.9899 0.0665
21000 0.9906 0.0901
24000 0.9892 0.0859
27000 0.9925 0.0742
30000 0.9922 0.1036
33000 0.9922 0.1175
36000 0.9916 0.107
39000 0.9926 0.1149
42000 0.9933 0.1165
45000 0.9933 0.1279
48000 0.9934 0.1249
51000 0.9935 0.1297
54000 0.9937 0.1509
57000 0.9935 0.1522
60000 0.9945 0.1143
63000 0.994 0.1615
66000 0.9938 0.168
69000 0.9937 0.1385
72000 0.9942 0.1709
75000 0.9935 0.1635
78000 0.9937 0.1644
81000 0.9941 0.1797
84000 0.9931 0.1952
87000 0.9946 0.1548
90000 0.9941 0.2044
93000 0.9933 0.2043
96000 0.9933 0.2085
99000 0.9943 0.2289
